# t[min], I[A], T[°C]
0   6       -76.2 
1   6       -74.6
2   6       -73.2
3   6       -71.6
4   6       -69.8
5   6       -67.6
6   6       -65.5
8   6       -60.8
9   6       -57.7
10  6       -54.2
11  4       -50.1
12  -10     -46.6                       # bis hier exkl.
13  -1      -42.4                       # exp
14  -2      -39.8                       # exp
15  -4      -36.6
16  -6      -33.8
17  -11     -30.9
18  -19     -28.0
19  -31     -25.4
20  -48     -22.5
21  -0.5    -19.9 # ab hier e-10        # ab hier exkl.
22  -3       -17.2
23  -6       -14.5                      # bis einschl. exkl.
24  -9       -12.0
25  -9       -9.5
26  -8       -7.0
27  -5       -4.4
28  -1       -2.2                       # ab hier exkl.
29  -50      0   # ab hier wieder e-11  # bis einschl. exkl.
30  -38      2.3
31  -36      4.6                        # exp.
32  -39      6.9
33  -42      8.8
34  -46      11.0
35  -49      12.9
36  -52      15
37  -54      16.9                       # exkl.
38  -55      18.8
39  -56      20.8