# Counts
      0
      0
      0
       7
      35
      32
      36
      35
      19
      14
      19
      17
      24
      22
      27
      28
      20
      30
     103
      86
     123
     175
     130
      68
      55
      39
      42
      26
      32
      18
      18
      19
      17
      29
      16
      19
      12
      20
      18
      15
      20
      24
      15
      14
      16
      15
      19
      21
      15
      15
      13
      16
      13
      16
       8
      22
      21
      16
      19
      14
      15
      18
      11
       8
      11
      18
       8
      12
      14
      12
      14
      13
      11
       8
      11
      11
      11
      17
      13
      11
      18
       9
      12
      12
      11
       8
       9
       9
       6
       8
      12
      18
      10
       8
      13
      13
      18
      17
      12
      10
      15
      10
      11
       7
      12
       8
      13
       6
       6
      13
       9
      13
       9
       9
       8
      12
      10
      11
       7
      11
       9
       7
       6
       8
       2
      10
       4
       3
      10
      10
       5
       8
       9
       9
       8
       4
       7
      10
       7
       6
       5
       4
       6
       8
       7
       9
       8
       7
       4
       5
       5
      10
      11
       1
       4
       5
       4
       4
       9
       4
       7
       1
       4
       8
       7
       6
       5
       5
      10
       1
      10
       9
       5
       1
       3
       6
       6
       6
       5
       5
       4
       3
       5
       5
      10
       5
       4
       6
       3
       3
       6
       1
       3
       1
       2
       3
       5
       6
       3
       2
       3
       3
       4
       9
       0
       4
       3
       6
       3
       2
       4
       0
       2
       2
       1
       3
       3
       3
       1
       3
       7
       1
       3
       2
       2
       5
       2
       1
       4
       3
       2
       5
       3
       3
       4
       1
       5
       4
       1
       4
       1
       2
       2
       3
       3
       1
       1
       4
       2
       3
       2
       3
       1
       6
       3
       1
       3
       3
       4
       1
       4
       1
       1
       2
       2
       1
       2
       2
       1
       2
       2
       3
       1
       3
       1
       2
       2
       2
       0
       0
       0
       2
       1
       0
       2
       3
       2
       1
       0
       2
       3
       1
       1
       0
       1
       1
       1
       2
       2
       0
       2
       1
       1
       2
       0
       0
       1
       1
       0
       3
       1
       4
       3
       1
       2
       2
       0
       2
       0
       1
       1
       1
       1
       2
       0
       3
       1
       1
       1
       2
       0
       1
       3
       0
       0
       3
       0
       2
       0
       0
       1
       0
       1
       2
       0
       2
       2
       4
       0
       2
       0
       1
       1
       2
       2
       4
       0
       1
       3
       1
       1
       0
       0
       0
       0
       1
       1
       2
       0
       0
       0
       2
       1
       0
       1
       1
       0
       2
       0
       1
       1
       3
       2
       1
       0
       0
       1
       1
       0
       0
       0
       2
       1
       1
       1
       0
       0
       1
       2
       2
       2
       5
       2
       3
       1
       0
       0
       1
       0
       1
       1
       1
       0
       0
       0
       0
       0
       0
       0
       0
       0
       0
       0
       0
       0
       0
       0
       0
       0
       0
       0
       0
       0
       0
       0
       0
       0
       0
       0
       0
       0
       0
       0
       0
       0
       0
       0
       0
       0
       0
       0
       0
       0
       0
       0
       0
       0
       0
       0
       0
       0
       0
       0
       0
       0
       0
       0
       0
       0
       0
       0
       0
       0
       0
       0
       0
       0
       0
       0
       0
       0
       0
       0
       0
       0
       0
       0
       0
       0
       0
       0
       0
       0
       0
       0
       0
       0
       0
       0
       0
       0
       0
       0
       0
       0
       0
       0
       0
       0
       0
       0
       0