# x in mm   I in /muA  P_max ungefähr 6.200 mW mit L = (76,1 \pm 0,1) cm
0           9.41
1           10.34
2           13.93
3           12.33
4           13.48
5           12.69
6           11.54
7           11.15
8           9.62
9           7.84
10          6.05
11          4.74
12          3.28
13          2.51
14          1.55
15          1.07
16          0.63
17          0.34
18          0.17
19          0.09
-1          8.11
-2          5.70
-3          5.36
-4          2.91
-5          2.22
-6          1.37
-7          0.75
-8          0.51
-9          0.24
-10         0.11
-11         0.05