# x in mm   I in /muA  P_max ungefähr 6.200 mW mit L = (76,1 \pm 0,1) cm
0           1.19
1           0.56
2           0.16
3           0.01683
4           0.2473
5           0.3743
6           0.6271
7           1.3249
7.5         2.59
8           2.97
9           3.52
10          3.72
11          3.15
12          2.59
13          2.24
14          1.57
15          1.05
16          0.74
17          0.48
18          0.25
19          0.10
20          0.04
-1          1.78
-1.5        2.03
-2          2.32
-3          3.38
-4          3.08
-5          3.42
-6          3.17
-7          2.27
-8          1.62
-9          1.09
-10         0.74
-11         0.53
-12         0.33
-13         0.19
-14         0.07