#x in mm        I in /muA       d = 20 cm zw Gitter und Photodiode
-27             0.001
-26             0.001
-25             0.001
-24             0.003
-23             0.07
-22             0.36
-21             0.07
-20             0.003
-19             0.001
-18             0.002
-17             0.002
-16             0.002
-15             0.002
-14             0.002
-13             0.007
-12             0.445
-11             0.41
-10             0.01
-9              0.004
-8              0.003
-7              0.002
-6              0.11
-5              0.01
-4              0.02
-3              0.10
-2.5            1.24
-2              7.56
-1              0.65
0               0.09
1               0.05
2               0.07
3               0.10
4               0.12
5               0.11
6               0.21
7               0.50
7.5             5.10
8               60.61
8.5             105.34
9               60.58
10              1.24
11              0.35
12              0.38
13              0.26
14              0.22
15              0.15
16              0.19
17              0.24
17.5            0.51
18              8.50
18.5            33.23
19              34.41
19.5            18.29
20              3.63
21              0.23
22              0.13
23              0.16
24              0.19
25              0.25
26              0.26
27              0.19

